month,Kolan,Betha,Bairgarh,Khanugau,Karbala,Kamla Park	
january,12.99,12.99,16.98,13.99,12.99,12.99
february,14.99,13.99,12.99,14.99,15.98,14.99
march,13.99,13.99,12.99,13.99,14.99,13.99
april,16.98,13.99,14.99,12.99,14.99,17.98
may,21.98,14.99,19.98,25.97,15.98,16.98
june,21.98,23.98,24.98,19.98,18.98,17.98
july,23.98,21.98,25.97,19.98,18.98,18.98
august,22.98,19.98,23.98,17.98,19.98,15.98
september,19.98,21.98,25.97,24.98,29.97,16.98
october,23,22,20,20,20,16
november,20.98,20.98,18.98,18.98,18.98,17.98
december,19,20,16,21,20,18
